
2 187

1.0 
106 10040

0.8461538461538461 0.8461538461538461 0.8461538461538461 0.8461538461538461 0.8461538461538461 0.8461538461538461 0.8461538461538461 0.8461538461538461 0.8461538461538461 0.8461538461538461 0.8461538461538461 0.8461538461538461 0.8461538461538461 0.8461538461538461 0.8461538461538461 0.8461538461538461 0.8461538461538461 0.8769230769230769 0.8769230769230769 0.8769230769230769 0.8769230769230769 0.8769230769230769 0.8769230769230769 0.8769230769230769 0.8769230769230769 0.8769230769230769 0.8769230769230769 0.8769230769230769 0.8769230769230769 0.8769230769230769 0.8769230769230769 0.8769230769230769 0.8769230769230769 0.8769230769230769 0.8769230769230769 0.8769230769230769 0.8769230769230769 0.8769230769230769 0.8769230769230769 0.8769230769230769 0.8769230769230769 0.8769230769230769 0.8769230769230769 0.8769230769230769 0.8769230769230769 0.8769230769230769 0.8769230769230769 0.8769230769230769 0.8769230769230769 0.8769230769230769 0.8769230769230769 0.8769230769230769 0.8769230769230769 0.8769230769230769 0.8769230769230769 0.8769230769230769 0.8769230769230769 0.8769230769230769 0.8769230769230769 0.8769230769230769 0.8769230769230769 0.8769230769230769 0.8769230769230769 0.8769230769230769 0.8769230769230769 0.8769230769230769 0.8769230769230769 0.8769230769230769 0.8769230769230769 0.8769230769230769 0.8769230769230769 0.8769230769230769 0.8769230769230769 0.8769230769230769 0.8769230769230769 0.8769230769230769 0.8769230769230769 0.8769230769230769 0.8769230769230769 0.8769230769230769 0.8769230769230769 0.8769230769230769 0.8769230769230769 0.8769230769230769 0.8769230769230769 0.8769230769230769 0.8769230769230769 0.8769230769230769 0.8769230769230769 0.8769230769230769 0.8769230769230769 0.8769230769230769 0.8769230769230769 0.8769230769230769 0.8769230769230769 0.8769230769230769 0.8769230769230769 0.8769230769230769 0.8769230769230769 0.8769230769230769 0.8769230769230769 0.8769230769230769 0.8769230769230769 0.8769230769230769 1.0 
161 13741

0.8923076923076924 0.8923076923076924 0.8923076923076924 0.8923076923076924 0.8923076923076924 0.8923076923076924 0.8923076923076924 0.8923076923076924 0.8923076923076924 0.8923076923076924 0.8923076923076924 0.8923076923076924 0.8923076923076924 0.8923076923076924 0.8923076923076924 0.8923076923076924 0.8923076923076924 0.8923076923076924 0.8923076923076924 0.8923076923076924 0.8923076923076924 0.8923076923076924 0.8923076923076924 0.8923076923076924 0.8923076923076924 0.8923076923076924 0.8923076923076924 0.8923076923076924 0.8923076923076924 0.8923076923076924 0.8923076923076924 0.8923076923076924 0.8923076923076924 0.8923076923076924 0.8923076923076924 0.8923076923076924 0.8923076923076924 0.8923076923076924 0.8923076923076924 0.8923076923076924 0.8923076923076924 0.8923076923076924 0.8923076923076924 0.8923076923076924 0.8923076923076924 0.8923076923076924 0.8923076923076924 0.8923076923076924 0.8923076923076924 0.8923076923076924 0.8923076923076924 0.8923076923076924 0.8923076923076924 0.8923076923076924 0.8923076923076924 0.8923076923076924 0.8923076923076924 0.8923076923076924 0.8923076923076924 0.8923076923076924 0.8923076923076924 0.8923076923076924 0.8923076923076924 0.8923076923076924 0.8923076923076924 0.8923076923076924 0.8923076923076924 0.8923076923076924 0.8923076923076924 0.8923076923076924 0.8923076923076924 0.8923076923076924 0.8923076923076924 0.8923076923076924 0.8923076923076924 0.8923076923076924 0.8923076923076924 0.8923076923076924 0.8923076923076924 0.8923076923076924 0.8923076923076924 0.8923076923076924 0.8923076923076924 0.8923076923076924 0.8923076923076924 0.8923076923076924 0.8923076923076924 0.8923076923076924 0.8923076923076924 0.8923076923076924 0.8923076923076924 0.8923076923076924 0.8923076923076924 0.8923076923076924 0.8923076923076924 0.8923076923076924 0.8923076923076924 0.8923076923076924 0.8923076923076924 0.8923076923076924 0.8923076923076924 0.8923076923076924 0.8923076923076924 0.8923076923076924 0.8923076923076924 0.8923076923076924 0.8923076923076924 0.8923076923076924 0.8923076923076924 0.8923076923076924 0.8923076923076924 0.8923076923076924 0.8923076923076924 0.8923076923076924 0.8923076923076924 0.8923076923076924 0.8923076923076924 0.8923076923076924 0.8923076923076924 0.8923076923076924 0.8923076923076924 0.8923076923076924 0.8923076923076924 0.8923076923076924 0.8923076923076924 0.8923076923076924 0.8923076923076924 0.8923076923076924 0.8923076923076924 0.8923076923076924 0.8923076923076924 0.8923076923076924 0.8923076923076924 0.8923076923076924 0.8923076923076924 0.8923076923076924 0.8923076923076924 0.8923076923076924 0.8923076923076924 0.8923076923076924 0.8923076923076924 0.8923076923076924 0.8923076923076924 0.8923076923076924 0.8923076923076924 0.8923076923076924 0.8923076923076924 0.8923076923076924 0.8923076923076924 0.8923076923076924 0.8923076923076924 0.8923076923076924 0.8923076923076924 0.8923076923076924 0.8923076923076924 0.8923076923076924 0.8923076923076924 0.8923076923076924 0.8923076923076924 1.0 
89 7549

0.8461538461538461 0.8461538461538461 0.8461538461538461 0.8461538461538461 0.8769230769230769 0.8769230769230769 0.9384615384615385 0.9384615384615385 0.9384615384615385 0.9384615384615385 0.9384615384615385 0.9384615384615385 0.9384615384615385 0.9384615384615385 0.9384615384615385 0.9384615384615385 0.9384615384615385 0.9384615384615385 0.9384615384615385 0.9384615384615385 0.9384615384615385 0.9384615384615385 0.9384615384615385 0.9384615384615385 0.9384615384615385 0.9384615384615385 0.9384615384615385 0.9384615384615385 0.9384615384615385 0.9384615384615385 0.9384615384615385 0.9384615384615385 0.9384615384615385 0.9384615384615385 0.9384615384615385 0.9384615384615385 0.9384615384615385 0.9384615384615385 0.9384615384615385 0.9384615384615385 0.9384615384615385 0.9384615384615385 0.9384615384615385 0.9384615384615385 0.9384615384615385 0.9384615384615385 0.9384615384615385 0.9384615384615385 0.9384615384615385 0.9384615384615385 0.9384615384615385 0.9384615384615385 0.9384615384615385 0.9384615384615385 0.9384615384615385 0.9384615384615385 0.9384615384615385 0.9384615384615385 0.9384615384615385 0.9384615384615385 0.9384615384615385 0.9384615384615385 0.9384615384615385 0.9384615384615385 0.9384615384615385 0.9384615384615385 0.9384615384615385 0.9384615384615385 0.9384615384615385 0.9384615384615385 0.9384615384615385 0.9384615384615385 0.9384615384615385 0.9384615384615385 0.9384615384615385 0.9384615384615385 0.9384615384615385 0.9384615384615385 0.9384615384615385 0.9384615384615385 0.9384615384615385 0.9384615384615385 0.9384615384615385 0.9384615384615385 0.9384615384615385 0.9384615384615385 0.9384615384615385 1.0 
224 18950

0.8461538461538461 0.8461538461538461 0.8461538461538461 0.8461538461538461 0.8461538461538461 0.8461538461538461 0.8461538461538461 0.8461538461538461 0.8461538461538461 0.8461538461538461 0.8461538461538461 0.8461538461538461 0.8461538461538461 0.8461538461538461 0.8461538461538461 0.8461538461538461 0.8461538461538461 0.8461538461538461 0.8461538461538461 0.8461538461538461 0.8461538461538461 0.8461538461538461 0.8461538461538461 0.8461538461538461 0.8461538461538461 0.8461538461538461 0.8461538461538461 0.8461538461538461 0.8461538461538461 0.8461538461538461 0.8461538461538461 0.8461538461538461 0.8461538461538461 0.8461538461538461 0.8461538461538461 0.8461538461538461 0.8461538461538461 0.8461538461538461 0.8461538461538461 0.8461538461538461 0.8461538461538461 0.8461538461538461 0.8769230769230769 0.8769230769230769 0.8769230769230769 0.8769230769230769 0.8769230769230769 0.8769230769230769 0.8769230769230769 0.8769230769230769 0.8769230769230769 0.8769230769230769 0.8769230769230769 0.8769230769230769 0.8769230769230769 0.8769230769230769 0.8769230769230769 0.8769230769230769 0.8923076923076924 0.8923076923076924 0.8923076923076924 0.8923076923076924 0.8923076923076924 0.8923076923076924 0.8923076923076924 0.8923076923076924 0.8923076923076924 0.8923076923076924 0.8923076923076924 0.8923076923076924 0.8923076923076924 0.8923076923076924 0.8923076923076924 0.8923076923076924 0.8923076923076924 0.8923076923076924 0.8923076923076924 0.8923076923076924 0.8923076923076924 0.8923076923076924 0.8923076923076924 0.8923076923076924 0.8923076923076924 0.8923076923076924 0.8923076923076924 0.8923076923076924 0.8923076923076924 0.8923076923076924 0.8923076923076924 0.8923076923076924 0.8923076923076924 0.8923076923076924 0.8923076923076924 0.8923076923076924 0.8923076923076924 0.8923076923076924 0.8923076923076924 0.8923076923076924 0.8923076923076924 0.8923076923076924 0.8923076923076924 0.8923076923076924 0.8923076923076924 0.8923076923076924 0.8923076923076924 0.8923076923076924 0.8923076923076924 0.8923076923076924 0.8923076923076924 0.8923076923076924 0.8923076923076924 0.8923076923076924 0.8923076923076924 0.8923076923076924 0.8923076923076924 0.8923076923076924 0.8923076923076924 0.8923076923076924 0.8923076923076924 0.8923076923076924 0.8923076923076924 0.8923076923076924 0.8923076923076924 0.8923076923076924 0.8923076923076924 0.8923076923076924 0.8923076923076924 0.8923076923076924 0.8923076923076924 0.8923076923076924 0.8923076923076924 0.8923076923076924 0.8923076923076924 0.8923076923076924 0.8923076923076924 0.8923076923076924 0.8923076923076924 0.8923076923076924 0.8923076923076924 0.8923076923076924 0.8923076923076924 0.8923076923076924 0.8923076923076924 0.8923076923076924 0.8923076923076924 0.8923076923076924 0.8923076923076924 0.8923076923076924 0.8923076923076924 0.8923076923076924 0.8923076923076924 0.8923076923076924 0.8923076923076924 0.8923076923076924 0.8923076923076924 0.8923076923076924 0.8923076923076924 0.8923076923076924 0.8923076923076924 0.8923076923076924 0.8923076923076924 0.8923076923076924 0.8923076923076924 0.8923076923076924 0.8923076923076924 0.8923076923076924 0.8923076923076924 0.8923076923076924 0.8923076923076924 0.8923076923076924 0.8923076923076924 0.8923076923076924 0.8923076923076924 0.8923076923076924 0.8923076923076924 0.8923076923076924 0.8923076923076924 0.8923076923076924 0.8923076923076924 0.8923076923076924 0.8923076923076924 0.8923076923076924 0.8923076923076924 0.8923076923076924 0.8923076923076924 0.8923076923076924 0.8923076923076924 0.8923076923076924 0.8923076923076924 0.8923076923076924 0.8923076923076924 0.8923076923076924 0.8923076923076924 0.8923076923076924 0.8923076923076924 0.8923076923076924 0.8923076923076924 0.8923076923076924 0.8923076923076924 0.8923076923076924 0.8923076923076924 0.8923076923076924 0.8923076923076924 0.8923076923076924 0.8923076923076924 0.8923076923076924 0.8923076923076924 0.8923076923076924 0.8923076923076924 0.8923076923076924 0.8923076923076924 0.8923076923076924 0.8923076923076924 0.8923076923076924 0.8923076923076924 0.8923076923076924 0.8923076923076924 0.8923076923076924 0.8923076923076924 0.8923076923076924 0.8923076923076924 0.8923076923076924 1.0 